	 	 BEAD PARAMETERS: (coordinates), (highslp, highSlpInstances), (prominence), (width), (widthMax) || Next bead

 >>	 0 	 16.0
 >>	 1 	 16.0	 (593, 366) (2.00, 4) (11.87) (13.50) (28.00) ||
 >>	 2 	 16.9	 (595, 364) (1.45, 2) (11.42) (13.93) (29.00) ||
 >>	 3 	 17.1	 (595, 364) (1.44, 2) (8.15) (13.76) (27.00) ||
 >>	 4 	 17.3	 (597, 363) (1.48, 2) (10.15) (15.48) (34.00) ||
 >>	 5 	 17.3	 (601, 362) (1.36, 0) (9.83) (15.47) (50.00) ||
 >>	 6 	 17.4	 (613, 363) (1.33, 0) (9.74) (15.15) (34.00) ||
 >>	 7 	 17.5	 (610, 361) (1.20, 0) (9.84) (14.41) (35.00) ||
 >>	 8 	 17.4	 (614, 361) (1.31, 0) (9.91) (15.63) (35.00) ||
 >>	 9 	 17.3	 (613, 361) (1.49, 3) (9.19) (15.15) (33.00) ||
 >>	 10 	 17.3	 (615, 360) (1.23, 0) (9.89) (14.61) (53.00) ||
 >>	 11 	 17.4	 (610, 361) (1.43, 1) (9.84) (16.45) (34.00) ||
 >>	 12 	 17.3
 >>	 13 	 17.2	 (605, 360) (1.16, 0) (8.52) (15.16) (34.00) ||	 (803, 273) (3.62, 3) (8.13) (7.31) (25.00) ||
 >>	 14 	 17.2	 (341, 461) (0.73, 0) (8.57) (21.49) (42.00) ||
 >>	 15 	 17.0	 (336, 461) (0.88, 0) (8.39) (21.10) (44.00) ||	 (599, 361) (1.15, 0) (8.43) (17.01) (50.00) ||
 >>	 16 	 17.0	 (338, 460) (0.89, 0) (8.25) (20.49) (41.00) ||	 (419, 430) (1.05, 0) (8.72) (19.54) (36.00) ||	 (596, 363) (1.17, 0) (8.19) (14.85) (53.00) ||
 >>	 17 	 17.0	 (421, 426) (0.70, 0) (8.42) (16.45) (53.00) ||	 (593, 361) (1.12, 0) (9.41) (27.73) (49.00) ||
 >>	 18 	 16.3	 (327, 464) (0.87, 0) (10.65) (20.31) (48.00) ||	 (420, 429) (0.89, 0) (10.49) (18.88) (42.00) ||	 (595, 363) (1.10, 0) (10.02) (31.16) (51.00) ||
 >>	 19 	 16.1	 (333, 462) (0.85, 0) (11.19) (22.80) (50.00) ||	 (418, 430) (0.71, 0) (10.63) (21.61) (45.00) ||	 (593, 364) (1.02, 0) (10.41) (30.44) (50.00) ||
 >>	 20 	 16.2	 (334, 462) (1.10, 0) (12.44) (23.78) (46.00) ||	 (423, 429) (1.05, 0) (9.90) (17.52) (46.00) ||	 (487, 405) (0.79, 0) (7.13) (20.25) (45.00) ||	 (592, 364) (1.30, 0) (11.88) (25.58) (49.00) ||
 >>	 21 	 16.2	 (234, 505) (0.67, 0) (8.19) (20.49) (46.00) ||	 (332, 466) (0.99, 0) (12.07) (25.52) (49.00) ||	 (424, 431) (1.02, 0) (11.38) (19.27) (46.00) ||	 (592, 368) (1.68, 3) (14.83) (23.72) (50.00) ||
 >>	 22 	 16.3	 (329, 462) (1.23, 0) (14.45) (27.17) (44.00) ||	 (421, 428) (1.13, 0) (12.44) (21.82) (43.00) ||	 (591, 364) (1.46, 0) (13.22) (24.66) (50.00) ||
 >>	 23 	 16.2	 (230, 502) (0.78, 0) (8.78) (18.49) (43.00) ||	 (327, 463) (1.42, 0) (12.91) (22.50) (43.00) ||	 (419, 429) (1.06, 0) (12.35) (16.22) (52.00) ||	 (589, 365) (1.21, 0) (14.01) (22.52) (50.00) ||	 (773, 285) (1.00, 0) (7.65) (19.16) (46.00) ||
 >>	 24 	 16.4	 (329, 463) (1.44, 0) (15.69) (27.01) (44.00) ||	 (424, 427) (1.07, 0) (9.81) (19.12) (39.00) ||	 (592, 363) (1.15, 0) (12.06) (19.46) (49.00) ||	 (766, 288) (0.84, 0) (7.37) (21.54) (40.00) ||
 >>	 25 	 16.2	 (323, 462) (0.84, 0) (10.94) (25.64) (45.00) ||	 (421, 426) (1.14, 0) (12.11) (18.82) (44.00) ||	 (585, 364) (1.66, 4) (15.82) (22.13) (50.00) ||
 >>	 26 	 16.0	 (232, 501) (0.79, 0) (9.01) (18.87) (41.00) ||	 (325, 463) (1.13, 0) (14.07) (25.79) (45.00) ||	 (420, 428) (1.00, 0) (12.11) (18.62) (41.00) ||	 (582, 366) (1.80, 4) (17.31) (20.34) (47.00) ||	 (756, 292) (0.94, 0) (8.47) (21.09) (39.00) ||
 >>	 27 	 16.1	 (236, 497) (0.65, 0) (8.94) (24.18) (46.00) ||	 (327, 461) (1.13, 0) (15.20) (26.76) (46.00) ||	 (421, 426) (0.95, 0) (11.05) (21.92) (42.00) ||	 (581, 365) (1.76, 5) (20.53) (22.58) (47.00) ||	 (702, 314) (0.85, 0) (6.78) (19.05) (42.00) ||	 (751, 292) (1.00, 0) (8.59) (25.76) (47.00) ||	 (815, 262) (0.70, 0) (9.05) (19.07) (39.00) ||
 >>	 28 	 15.1	 (318, 455) (0.97, 0) (12.18) (23.35) (46.00) ||	 (412, 420) (1.00, 0) (11.28) (20.68) (46.00) ||	 (571, 359) (1.53, 0) (17.22) (20.86) (45.00) ||	 (689, 310) (0.83, 0) (6.52) (19.39) (37.00) ||	 (747, 284) (1.00, 0) (8.84) (20.95) (38.00) ||
 >>	 29 	 16.1	 (229, 493) (0.91, 0) (10.45) (20.97) (44.00) ||	 (316, 458) (1.29, 0) (11.33) (26.36) (44.00) ||	 (402, 426) (1.02, 0) (11.87) (19.57) (42.00) ||	 (450, 408) (0.83, 0) (8.91) (22.49) (46.00) ||	 (561, 366) (1.70, 4) (19.72) (22.60) (45.00) ||	 (680, 316) (1.41, 0) (8.56) (13.84) (33.00) ||	 (733, 292) (0.85, 0) (7.03) (19.79) (35.00) ||
 >>	 30 	 16.9	 (221, 493) (0.90, 0) (10.02) (20.37) (41.00) ||	 (309, 458) (1.32, 0) (13.85) (25.59) (44.00) ||	 (395, 426) (1.04, 0) (15.26) (21.45) (46.00) ||	 (554, 365) (1.75, 5) (20.79) (22.20) (45.00) ||	 (668, 317) (1.14, 0) (10.13) (11.56) (51.00) ||	 (722, 293) (1.38, 0) (10.77) (21.56) (38.00) ||	 (790, 261) (0.99, 0) (9.05) (20.45) (37.00) ||
 >>	 31 	 16.3	 (222, 490) (0.85, 0) (9.32) (19.95) (41.00) ||	 (302, 457) (1.08, 0) (12.26) (21.20) (45.00) ||	 (392, 424) (1.34, 0) (12.79) (19.39) (44.00) ||	 (547, 365) (1.82, 6) (23.70) (25.79) (47.00) ||	 (662, 317) (0.86, 0) (8.70) (17.63) (53.00) ||	 (718, 292) (1.60, 2) (9.78) (22.18) (40.00) ||	 (780, 263) (1.10, 0) (10.17) (18.46) (39.00) ||
 >>	 32 	 16.2	 (219, 489) (0.88, 0) (8.12) (20.29) (40.00) ||	 (302, 456) (0.88, 0) (11.82) (21.65) (54.00) ||	 (389, 423) (1.14, 0) (12.32) (21.15) (51.00) ||	 (540, 366) (1.42, 0) (19.51) (21.50) (45.00) ||	 (711, 292) (1.65, 2) (9.23) (19.79) (40.00) ||	 (779, 261) (0.87, 0) (7.18) (12.80) (39.00) ||
 >>	 33 	 16.3	 (216, 492) (0.88, 0) (8.52) (20.90) (39.00) ||	 (297, 458) (0.94, 0) (13.87) (23.12) (46.00) ||	 (380, 427) (1.18, 0) (11.76) (21.94) (45.00) ||	 (535, 368) (1.58, 3) (20.27) (22.04) (44.00) ||	 (708, 294) (0.93, 0) (11.32) (22.89) (47.00) ||
 >>	 34 	 16.3	 (296, 454) (0.98, 0) (13.32) (25.00) (48.00) ||	 (378, 423) (1.13, 0) (13.83) (23.65) (48.00) ||	 (533, 365) (1.59, 3) (18.89) (23.18) (45.00) ||	 (706, 291) (0.98, 0) (8.26) (22.22) (49.00) ||	 (767, 262) (1.18, 0) (10.71) (17.73) (37.00) ||
 >>	 35 	 16.2	 (295, 453) (1.13, 0) (13.33) (21.89) (44.00) ||	 (376, 423) (1.31, 0) (13.56) (22.17) (46.00) ||	 (530, 365) (2.19, 7) (18.92) (23.32) (44.00) ||	 (699, 292) (1.09, 0) (10.74) (22.60) (54.00) ||	 (765, 261) (1.09, 0) (7.25) (17.29) (34.00) ||
 >>	 36 	 16.8	 (293, 454) (1.12, 0) (13.62) (23.83) (44.00) ||	 (375, 423) (1.14, 0) (14.81) (24.35) (47.00) ||	 (525, 365) (1.83, 8) (19.18) (23.75) (44.00) ||	 (697, 292) (1.37, 0) (13.89) (23.27) (40.00) ||	 (763, 261) (1.16, 0) (9.20) (17.52) (38.00) ||
 >>	 37 	 15.2	 (221, 484) (1.17, 0) (8.47) (19.06) (42.00) ||	 (288, 457) (0.97, 0) (11.13) (24.00) (44.00) ||	 (372, 425) (1.02, 0) (14.57) (22.98) (48.00) ||	 (519, 369) (1.75, 3) (18.26) (23.74) (47.00) ||	 (693, 295) (1.44, 0) (12.82) (22.49) (50.00) ||	 (760, 264) (0.91, 0) (8.00) (20.55) (38.00) ||
 >>	 38 	 17.0	 (293, 459) (1.34, 0) (14.60) (26.97) (49.00) ||	 (373, 429) (1.63, 3) (14.23) (24.29) (46.00) ||	 (521, 371) (2.09, 8) (20.57) (26.45) (47.00) ||	 (697, 298) (1.30, 0) (10.76) (22.72) (40.00) ||	 (761, 268) (1.36, 0) (9.34) (20.16) (35.00) ||
 >>	 39 	 15.3	 (290, 462) (1.25, 0) (12.14) (21.74) (50.00) ||	 (369, 432) (1.10, 0) (15.00) (21.42) (47.00) ||	 (516, 375) (1.99, 6) (19.78) (26.63) (49.00) ||	 (695, 299) (1.48, 0) (10.87) (21.75) (45.00) ||	 (764, 267) (0.99, 0) (9.72) (17.35) (32.00) ||