	 	 BEAD PARAMETERS: (coordinates), (highslp, highSlpInstances), (prominence), (width), (widthMax) || Next bead

 >>	 0 	 16.0
 >>	 1 	 16.0	 (611, 378) (2.01, 4) (12.41) (13.49) (28.00) ||
 >>	 2 	 16.8	 (612, 371) (1.51, 2) (11.23) (14.35) (30.00) ||
 >>	 3 	 17.1	 (613, 370) (1.52, 2) (8.27) (14.11) (27.00) ||
 >>	 4 	 17.2	 (614, 368) (1.38, 0) (10.12) (15.85) (34.00) ||
 >>	 5 	 17.3	 (611, 368) (1.30, 0) (10.06) (15.53) (50.00) ||
 >>	 6 	 17.4	 (611, 369) (1.22, 0) (9.87) (15.27) (32.00) ||
 >>	 7 	 17.5	 (609, 369) (1.17, 0) (9.83) (14.78) (36.00) ||
 >>	 8 	 17.4	 (613, 369) (1.31, 0) (9.82) (15.67) (33.00) ||
 >>	 9 	 17.3	 (612, 369) (1.47, 2) (9.04) (15.31) (33.00) ||
 >>	 10 	 17.3	 (610, 370) (1.26, 0) (9.61) (14.03) (50.00) ||
 >>	 11 	 17.4	 (608, 369) (1.44, 2) (9.72) (16.86) (34.00) ||
 >>	 12 	 17.3
 >>	 13 	 17.2	 (802, 278) (2.74, 2) (8.51) (7.06) (23.00) ||
 >>	 14 	 17.2	 (336, 470) (0.78, 0) (8.58) (21.91) (44.00) ||	 (797, 284) (1.43, 1) (7.12) (8.78) (39.00) ||
 >>	 15 	 17.0	 (331, 468) (0.80, 0) (8.36) (20.80) (46.00) ||	 (419, 436) (0.93, 0) (7.89) (23.24) (51.00) ||	 (596, 367) (1.19, 0) (8.43) (16.99) (50.00) ||
 >>	 16 	 17.0	 (333, 467) (0.89, 0) (8.07) (20.65) (40.00) ||	 (418, 435) (0.98, 0) (8.19) (19.71) (38.00) ||	 (595, 368) (1.22, 0) (8.71) (14.67) (49.00) ||
 >>	 17 	 17.0	 (192, 524) (0.92, 0) (8.44) (27.64) (52.00) ||	 (232, 507) (0.90, 0) (7.07) (22.17) (44.00) ||	 (418, 435) (0.64, 0) (8.29) (17.46) (52.00) ||	 (590, 370) (1.12, 0) (9.50) (28.25) (49.00) ||
 >>	 18 	 16.3	 (325, 469) (0.82, 0) (10.74) (20.14) (48.00) ||	 (418, 435) (0.91, 0) (10.59) (18.41) (42.00) ||	 (592, 369) (1.09, 0) (9.92) (31.07) (51.00) ||
 >>	 19 	 16.1	 (326, 469) (0.90, 0) (10.70) (22.41) (49.00) ||	 (416, 436) (0.71, 0) (10.69) (21.83) (45.00) ||	 (591, 369) (1.01, 0) (10.43) (30.21) (49.00) ||	 (1040, 160) (1.33, 0) (6.29) (16.98) (31.00) ||
 >>	 20 	 16.3	 (330, 468) (1.15, 0) (12.52) (23.46) (46.00) ||	 (420, 435) (1.05, 0) (9.73) (17.86) (46.00) ||	 (483, 411) (0.77, 0) (6.95) (19.96) (48.00) ||	 (588, 371) (1.28, 0) (11.53) (25.33) (49.00) ||
 >>	 21 	 16.2	 (233, 510) (0.67, 0) (8.00) (20.74) (47.00) ||	 (329, 472) (0.97, 0) (12.06) (25.25) (49.00) ||	 (421, 437) (1.07, 0) (11.63) (18.97) (46.00) ||	 (590, 373) (1.58, 3) (14.87) (24.07) (50.00) ||
 >>	 22 	 16.3	 (327, 468) (1.29, 0) (14.30) (27.35) (44.00) ||	 (419, 434) (1.17, 0) (12.60) (22.23) (43.00) ||	 (583, 372) (1.47, 0) (13.33) (24.75) (52.00) ||
 >>	 23 	 16.2	 (227, 508) (0.75, 0) (8.78) (18.51) (42.00) ||	 (324, 469) (1.43, 0) (12.69) (22.56) (43.00) ||	 (417, 435) (1.06, 0) (12.29) (16.06) (51.00) ||	 (586, 371) (1.31, 0) (14.07) (22.09) (50.00) ||	 (770, 291) (0.98, 0) (7.77) (18.96) (46.00) ||
 >>	 24 	 16.3	 (328, 469) (1.47, 1) (15.46) (26.50) (45.00) ||	 (423, 433) (1.04, 0) (9.99) (18.48) (41.00) ||	 (591, 370) (1.04, 0) (12.09) (17.17) (46.00) ||	 (771, 292) (0.88, 0) (7.55) (20.47) (40.00) ||	 (1042, 160) (0.97, 0) (6.86) (16.76) (35.00) ||
 >>	 25 	 16.2	 (327, 468) (0.86, 0) (10.84) (26.62) (45.00) ||	 (423, 432) (1.10, 0) (12.09) (19.05) (45.00) ||	 (590, 369) (1.75, 3) (15.93) (21.81) (48.00) ||	 (1038, 159) (0.70, 0) (7.05) (16.56) (43.00) ||
 >>	 26 	 16.0	 (234, 508) (0.78, 0) (8.88) (19.42) (41.00) ||	 (327, 470) (1.04, 0) (13.68) (26.11) (45.00) ||	 (422, 434) (0.97, 0) (12.24) (19.02) (41.00) ||	 (584, 373) (1.86, 4) (17.19) (20.18) (47.00) ||	 (758, 298) (0.99, 0) (8.42) (20.45) (39.00) ||	 (822, 268) (0.85, 0) (8.72) (15.63) (39.00) ||
 >>	 27 	 16.1	 (238, 501) (0.65, 0) (8.90) (24.64) (46.00) ||	 (331, 464) (1.19, 0) (15.27) (27.35) (46.00) ||	 (425, 429) (0.92, 0) (11.11) (22.00) (42.00) ||	 (585, 368) (1.79, 5) (20.01) (22.78) (47.00) ||	 (709, 315) (0.86, 0) (6.68) (19.01) (40.00) ||	 (753, 295) (0.98, 0) (8.67) (25.73) (47.00) ||	 (821, 263) (0.69, 0) (8.80) (18.31) (38.00) ||
 >>	 28 	 15.1	 (322, 457) (0.99, 0) (12.85) (24.31) (49.00) ||	 (414, 423) (1.05, 0) (11.10) (20.94) (45.00) ||	 (573, 363) (1.54, 0) (17.03) (20.48) (46.00) ||	 (701, 309) (0.89, 0) (6.45) (19.37) (44.00) ||	 (749, 287) (1.01, 0) (8.92) (20.62) (46.00) ||
 >>	 29 	 15.2	 (234, 498) (0.89, 0) (10.16) (20.96) (45.00) ||	 (317, 465) (1.26, 0) (11.72) (27.02) (45.00) ||	 (408, 431) (0.94, 0) (12.21) (20.08) (42.00) ||	 (461, 411) (1.04, 0) (8.12) (22.13) (57.00) ||	 (564, 372) (1.64, 0) (19.88) (22.38) (46.00) ||	 (680, 324) (1.36, 0) (8.59) (13.58) (33.00) ||	 (735, 299) (0.83, 0) (6.81) (20.63) (49.00) ||
 >>	 30 	 16.1	 (230, 496) (0.93, 0) (10.27) (20.50) (43.00) ||	 (312, 464) (1.30, 0) (13.91) (26.13) (44.00) ||	 (398, 431) (1.04, 0) (15.34) (21.54) (46.00) ||	 (556, 372) (1.63, 4) (21.06) (22.38) (45.00) ||	 (672, 323) (1.15, 0) (10.47) (11.83) (50.00) ||	 (726, 299) (1.38, 0) (10.38) (21.52) (38.00) ||	 (792, 268) (0.87, 0) (8.83) (19.11) (38.00) ||
 >>	 31 	 16.1	 (229, 495) (0.90, 0) (9.29) (20.25) (41.00) ||	 (307, 463) (1.04, 0) (12.01) (21.18) (45.00) ||	 (395, 430) (1.29, 0) (12.58) (18.93) (44.00) ||	 (551, 371) (1.82, 6) (23.83) (25.68) (47.00) ||	 (668, 322) (0.90, 0) (8.55) (16.76) (54.00) ||	 (724, 297) (1.62, 3) (10.08) (22.57) (40.00) ||	 (779, 271) (1.05, 0) (9.81) (18.51) (40.00) ||
 >>	 32 	 16.2	 (221, 495) (0.89, 0) (8.23) (20.21) (39.00) ||	 (302, 463) (1.01, 0) (12.83) (23.49) (50.00) ||	 (392, 429) (1.10, 0) (12.27) (20.96) (47.00) ||	 (544, 371) (1.42, 0) (19.22) (21.39) (45.00) ||	 (714, 299) (1.64, 2) (9.24) (19.71) (40.00) ||	 (775, 270) (0.86, 0) (7.15) (12.94) (45.00) ||
 >>	 33 	 16.2	 (217, 496) (0.84, 0) (8.49) (20.90) (38.00) ||	 (300, 461) (0.98, 0) (13.94) (23.09) (46.00) ||	 (387, 428) (1.15, 0) (11.77) (22.33) (45.00) ||	 (537, 372) (1.67, 2) (20.12) (22.81) (43.00) ||	 (710, 298) (0.92, 0) (11.12) (22.39) (47.00) ||
 >>	 34 	 16.3	 (298, 460) (1.08, 0) (13.35) (24.84) (49.00) ||	 (385, 428) (1.10, 0) (13.78) (23.70) (48.00) ||	 (535, 371) (1.51, 3) (19.03) (22.88) (45.00) ||	 (710, 296) (0.93, 0) (8.10) (23.23) (49.00) ||	 (771, 267) (1.23, 0) (10.85) (18.28) (37.00) ||
 >>	 35 	 16.2	 (297, 460) (1.15, 0) (12.98) (21.75) (47.00) ||	 (381, 428) (1.38, 0) (13.17) (22.14) (47.00) ||	 (533, 371) (2.18, 7) (18.63) (23.24) (44.00) ||	 (706, 297) (1.08, 0) (10.80) (22.54) (40.00) ||	 (771, 266) (1.01, 0) (7.48) (17.51) (35.00) ||
 >>	 36 	 16.8	 (295, 460) (1.14, 0) (13.81) (23.76) (44.00) ||	 (377, 429) (1.10, 0) (15.07) (23.50) (47.00) ||	 (529, 371) (1.83, 7) (19.24) (23.56) (45.00) ||	 (699, 298) (1.44, 1) (14.60) (23.83) (45.00) ||	 (768, 266) (1.11, 0) (9.08) (17.20) (38.00) ||
 >>	 37 	 16.9	 (295, 461) (0.97, 0) (11.22) (24.15) (46.00) ||	 (373, 432) (1.09, 0) (14.47) (23.14) (49.00) ||	 (523, 375) (1.82, 7) (17.01) (24.30) (47.00) ||	 (696, 301) (1.43, 1) (12.56) (22.54) (46.00) ||	 (756, 273) (0.93, 0) (8.21) (19.59) (37.00) ||
 >>	 38 	 17.1	 (294, 464) (1.48, 2) (14.39) (27.30) (46.00) ||	 (375, 432) (1.58, 3) (14.04) (24.67) (47.00) ||	 (523, 375) (1.96, 4) (14.45) (21.30) (41.00) ||	 (700, 301) (1.27, 0) (10.92) (22.89) (39.00) ||
 >>	 39 	 15.3	 (291, 469) (1.11, 0) (12.32) (21.88) (51.00) ||	 (372, 438) (1.08, 0) (15.09) (21.86) (47.00) ||	 (702, 304) (1.46, 0) (12.09) (22.18) (47.00) ||	 (768, 273) (0.97, 0) (9.66) (16.92) (31.00) ||