	 	 BEAD PARAMETERS: (coordinates), (highslp, highSlpInstances), (prominence), (width), (widthMax) || Next bead

 >>	 0 	 16.1	 (609, 365) (1.80, 4) (11.52) (14.95) (29.00) ||
 >>	 1 	 16.0	 (611, 372) (2.00, 4) (12.04) (13.67) (28.00) ||
 >>	 2 	 16.8	 (612, 368) (1.54, 2) (11.24) (14.33) (30.00) ||
 >>	 3 	 17.1	 (613, 367) (1.49, 2) (8.14) (13.99) (27.00) ||
 >>	 4 	 17.2	 (614, 365) (1.36, 0) (10.32) (15.72) (33.00) ||
 >>	 5 	 17.3	 (611, 365) (1.36, 0) (9.91) (15.83) (51.00) ||
 >>	 6 	 17.4	 (611, 366) (1.22, 0) (10.05) (15.23) (33.00) ||
 >>	 7 	 17.5	 (609, 366) (1.16, 0) (9.83) (14.47) (35.00) ||
 >>	 8 	 17.4	 (613, 366) (1.30, 0) (9.76) (15.46) (34.00) ||
 >>	 9 	 17.3	 (612, 366) (1.50, 2) (9.19) (15.39) (48.00) ||
 >>	 10 	 17.3	 (610, 367) (1.25, 0) (9.49) (14.12) (51.00) ||
 >>	 11 	 17.4	 (608, 366) (1.44, 2) (9.86) (16.62) (33.00) ||
 >>	 12 	 17.3
 >>	 13 	 17.2	 (802, 275) (2.73, 2) (8.31) (6.67) (23.00) ||
 >>	 14 	 17.2	 (336, 467) (0.73, 0) (8.36) (21.86) (42.00) ||
 >>	 15 	 17.0	 (331, 465) (0.85, 0) (8.42) (21.09) (46.00) ||	 (419, 433) (0.92, 0) (7.63) (22.23) (52.00) ||	 (596, 364) (1.24, 0) (8.43) (17.53) (50.00) ||
 >>	 16 	 17.0	 (333, 464) (0.92, 0) (8.02) (20.57) (42.00) ||	 (418, 432) (0.92, 0) (8.24) (19.91) (37.00) ||	 (595, 365) (1.28, 0) (8.41) (14.94) (49.00) ||
 >>	 17 	 17.0	 (232, 504) (0.95, 0) (6.87) (22.02) (44.00) ||	 (418, 432) (0.70, 0) (8.48) (17.48) (53.00) ||	 (590, 367) (1.11, 0) (9.50) (28.23) (49.00) ||
 >>	 18 	 16.3	 (325, 466) (0.84, 0) (10.47) (19.73) (48.00) ||	 (418, 432) (0.90, 0) (10.67) (18.99) (42.00) ||	 (592, 366) (1.11, 0) (9.95) (31.52) (51.00) ||
 >>	 19 	 16.1	 (326, 466) (0.87, 0) (10.75) (22.29) (49.00) ||	 (416, 433) (0.71, 0) (10.74) (21.84) (45.00) ||	 (591, 366) (1.05, 0) (10.25) (30.28) (49.00) ||	 (1039, 158) (1.38, 0) (6.43) (17.11) (31.00) ||
 >>	 20 	 16.2	 (330, 465) (1.15, 0) (12.42) (23.23) (46.00) ||	 (420, 432) (1.05, 0) (9.67) (17.01) (48.00) ||	 (483, 408) (0.65, 0) (6.83) (20.22) (47.00) ||	 (588, 368) (1.21, 0) (11.73) (25.93) (49.00) ||
 >>	 21 	 16.1	 (233, 507) (0.63, 0) (7.84) (19.84) (48.00) ||	 (329, 469) (1.04, 0) (12.36) (26.51) (49.00) ||	 (421, 434) (1.02, 0) (11.41) (18.77) (46.00) ||	 (590, 370) (1.62, 3) (14.80) (24.22) (50.00) ||
 >>	 22 	 16.2	 (327, 465) (1.29, 0) (14.43) (27.34) (43.00) ||	 (419, 431) (1.11, 0) (12.14) (21.58) (43.00) ||	 (583, 369) (1.41, 0) (13.96) (23.98) (51.00) ||
 >>	 23 	 16.2	 (227, 505) (0.78, 0) (8.84) (18.42) (42.00) ||	 (324, 466) (1.39, 0) (12.79) (22.45) (43.00) ||	 (416, 432) (1.09, 0) (11.97) (15.77) (52.00) ||	 (586, 368) (1.19, 0) (14.07) (22.85) (50.00) ||	 (770, 288) (0.93, 0) (7.67) (18.65) (46.00) ||
 >>	 24 	 16.3	 (328, 466) (1.45, 0) (15.55) (26.75) (44.00) ||	 (423, 430) (1.05, 0) (10.07) (18.89) (39.00) ||	 (591, 367) (1.05, 0) (11.97) (17.48) (46.00) ||	 (771, 289) (0.88, 0) (7.67) (21.04) (40.00) ||	 (1041, 157) (0.94, 0) (6.39) (16.16) (38.00) ||
 >>	 25 	 16.2	 (327, 465) (0.87, 0) (10.91) (26.36) (45.00) ||	 (423, 429) (1.19, 0) (11.95) (18.64) (45.00) ||	 (590, 366) (1.59, 3) (15.90) (21.82) (50.00) ||	 (1036, 157) (0.74, 0) (7.24) (17.43) (43.00) ||
 >>	 26 	 16.0	 (234, 505) (0.78, 0) (8.66) (19.33) (41.00) ||	 (327, 467) (1.08, 0) (13.96) (26.10) (45.00) ||	 (422, 431) (0.99, 0) (12.05) (18.88) (41.00) ||	 (584, 370) (1.87, 4) (17.34) (20.05) (47.00) ||	 (758, 295) (0.94, 0) (8.54) (20.98) (38.00) ||	 (822, 265) (0.91, 0) (8.73) (15.31) (37.00) ||
 >>	 27 	 16.1	 (238, 501) (0.59, 0) (8.76) (23.83) (46.00) ||	 (331, 464) (1.17, 0) (14.85) (26.99) (46.00) ||	 (425, 429) (0.92, 0) (10.95) (20.80) (42.00) ||	 (585, 368) (1.78, 5) (20.14) (23.14) (48.00) ||	 (708, 316) (0.80, 0) (6.69) (19.53) (42.00) ||	 (753, 295) (1.00, 0) (8.22) (26.07) (47.00) ||	 (821, 263) (0.73, 0) (9.28) (18.48) (38.00) ||
 >>	 28 	 15.1	 (323, 457) (0.92, 0) (12.52) (23.57) (46.00) ||	 (414, 423) (1.03, 0) (11.26) (21.00) (46.00) ||	 (573, 363) (1.54, 0) (16.99) (20.67) (47.00) ||	 (701, 309) (0.85, 0) (6.93) (19.87) (44.00) ||	 (749, 287) (1.01, 0) (8.62) (20.49) (46.00) ||
 >>	 29 	 15.2	 (234, 495) (0.81, 0) (10.41) (21.06) (44.00) ||	 (317, 462) (1.23, 0) (11.84) (27.03) (44.00) ||	 (407, 428) (0.99, 0) (12.18) (19.85) (41.00) ||	 (461, 408) (1.15, 0) (8.32) (22.18) (57.00) ||	 (564, 369) (1.63, 0) (20.05) (22.68) (46.00) ||	 (680, 321) (1.35, 0) (8.52) (13.14) (42.00) ||	 (735, 296) (0.87, 0) (6.78) (20.62) (48.00) ||
 >>	 30 	 16.1	 (230, 493) (0.91, 0) (10.21) (20.47) (41.00) ||	 (312, 460) (1.25, 0) (13.92) (25.82) (43.00) ||	 (398, 428) (1.03, 0) (15.40) (21.59) (46.00) ||	 (556, 369) (1.63, 5) (21.00) (22.41) (45.00) ||	 (672, 320) (1.20, 0) (10.57) (11.96) (50.00) ||	 (726, 296) (1.41, 0) (10.61) (21.68) (37.00) ||	 (791, 265) (1.07, 0) (8.97) (19.80) (37.00) ||
 >>	 31 	 16.1	 (230, 491) (0.87, 0) (9.29) (19.88) (42.00) ||	 (307, 460) (1.08, 0) (11.89) (20.77) (46.00) ||	 (395, 427) (1.17, 0) (12.62) (19.48) (43.00) ||	 (551, 368) (1.78, 3) (23.74) (25.89) (47.00) ||	 (668, 319) (0.86, 0) (8.66) (17.57) (53.00) ||	 (724, 294) (1.53, 2) (9.89) (22.29) (40.00) ||	 (779, 268) (1.10, 0) (10.01) (18.45) (40.00) ||
 >>	 32 	 15.2	 (221, 492) (0.87, 0) (7.61) (21.36) (41.00) ||	 (302, 460) (1.00, 0) (12.27) (23.50) (49.00) ||	 (392, 426) (1.00, 0) (12.61) (21.59) (48.00) ||	 (544, 368) (1.44, 0) (18.84) (21.16) (44.00) ||	 (714, 295) (1.78, 2) (9.32) (21.24) (39.00) ||	 (775, 267) (0.87, 0) (7.84) (13.67) (56.00) ||
 >>	 33 	 16.2	 (218, 496) (0.87, 0) (8.37) (20.73) (47.00) ||	 (299, 462) (0.98, 0) (14.01) (23.57) (45.00) ||	 (387, 428) (1.17, 0) (11.90) (21.96) (44.00) ||	 (537, 372) (1.58, 2) (19.80) (22.45) (43.00) ||	 (710, 298) (0.94, 0) (11.01) (21.98) (47.00) ||
 >>	 34 	 16.3	 (298, 457) (1.08, 0) (13.23) (24.66) (49.00) ||	 (385, 425) (1.10, 0) (13.58) (23.46) (48.00) ||	 (535, 368) (1.56, 4) (18.75) (22.84) (44.00) ||	 (710, 293) (0.90, 0) (8.23) (22.95) (49.00) ||	 (771, 264) (1.26, 0) (10.85) (18.63) (37.00) ||
 >>	 35 	 16.2	 (297, 457) (1.17, 0) (13.25) (21.84) (47.00) ||	 (381, 425) (1.32, 0) (13.05) (22.02) (47.00) ||	 (533, 368) (2.18, 7) (18.60) (23.46) (43.00) ||	 (706, 294) (1.12, 0) (10.36) (22.19) (39.00) ||	 (771, 263) (1.06, 0) (7.32) (17.28) (35.00) ||
 >>	 36 	 16.9	 (295, 457) (1.19, 0) (13.41) (23.64) (44.00) ||	 (377, 426) (1.12, 0) (15.04) (23.58) (47.00) ||	 (529, 368) (1.83, 7) (19.41) (23.83) (44.00) ||	 (699, 295) (1.47, 2) (14.72) (23.87) (45.00) ||	 (768, 263) (1.16, 0) (9.12) (17.35) (38.00) ||
 >>	 37 	 15.3	 (290, 460) (0.94, 0) (11.10) (24.00) (45.00) ||	 (373, 429) (1.05, 0) (14.80) (23.09) (48.00) ||	 (523, 372) (1.70, 2) (17.58) (23.17) (48.00) ||	 (696, 298) (1.42, 0) (12.59) (22.34) (46.00) ||	 (756, 270) (0.85, 0) (8.14) (19.61) (38.00) ||
 >>	 38 	 17.1	 (294, 460) (1.51, 4) (14.76) (27.33) (48.00) ||	 (375, 429) (1.58, 3) (14.60) (24.69) (46.00) ||	 (523, 372) (1.98, 9) (20.93) (26.41) (47.00) ||	 (700, 298) (1.33, 0) (10.87) (23.01) (43.00) ||	 (766, 267) (1.38, 0) (9.59) (19.57) (36.00) ||
 >>	 39 	 17.1	 (291, 466) (1.11, 0) (10.75) (20.21) (49.00) ||	 (372, 435) (1.11, 0) (14.65) (22.49) (47.00) ||	 (702, 301) (1.46, 1) (11.46) (21.45) (47.00) ||	 (768, 270) (1.02, 0) (10.05) (16.60) (32.00) ||