	 	 BEAD PARAMETERS: (coordinates), (highslp, highSlpInstances), (prominence), (width), (widthMax) || Next bead

 >>	 0 	 16.0
 >>	 1 	 16.0	 (598, 375) (1.98, 4) (12.19) (13.79) (29.00) ||
 >>	 2 	 16.9	 (600, 368) (1.56, 3) (11.25) (14.32) (29.00) ||
 >>	 3 	 17.1	 (602, 367) (1.41, 0) (8.16) (13.90) (27.00) ||
 >>	 4 	 17.2	 (604, 366) (1.44, 1) (10.32) (15.60) (34.00) ||
 >>	 5 	 17.3	 (606, 366) (1.33, 0) (9.78) (15.34) (35.00) ||
 >>	 6 	 17.4	 (615, 366) (1.27, 0) (9.99) (15.03) (32.00) ||
 >>	 7 	 17.5	 (613, 367) (1.23, 0) (9.94) (14.38) (35.00) ||
 >>	 8 	 17.4	 (618, 366) (1.29, 0) (9.96) (15.14) (34.00) ||
 >>	 9 	 17.3	 (616, 367) (1.51, 2) (9.12) (15.20) (33.00) ||
 >>	 10 	 17.3	 (616, 367) (1.30, 0) (9.55) (14.00) (51.00) ||
 >>	 11 	 17.4	 (612, 367) (1.47, 2) (10.02) (16.61) (33.00) ||
 >>	 12 	 17.3
 >>	 13 	 17.2	 (607, 363) (1.22, 0) (8.68) (15.45) (33.00) ||	 (805, 277) (3.77, 4) (8.85) (7.20) (45.00) ||
 >>	 14 	 17.2	 (343, 467) (0.73, 0) (8.48) (22.01) (43.00) ||
 >>	 15 	 17.0	 (339, 464) (0.80, 0) (8.42) (20.92) (47.00) ||	 (603, 364) (1.06, 0) (8.17) (17.55) (49.00) ||
 >>	 16 	 17.0	 (339, 464) (0.92, 0) (8.02) (20.57) (42.00) ||	 (421, 433) (1.02, 0) (8.68) (20.02) (36.00) ||	 (601, 365) (1.22, 0) (8.40) (14.82) (49.00) ||
 >>	 17 	 17.0	 (240, 503) (0.95, 0) (7.01) (22.23) (53.00) ||	 (339, 463) (0.83, 0) (7.30) (20.28) (48.00) ||	 (596, 367) (1.12, 0) (9.47) (27.95) (49.00) ||
 >>	 18 	 16.3	 (332, 466) (0.79, 0) (10.44) (19.75) (48.00) ||	 (423, 432) (0.90, 0) (10.64) (18.69) (42.00) ||	 (598, 366) (1.10, 0) (9.88) (31.33) (51.00) ||
 >>	 19 	 16.1	 (336, 465) (0.86, 0) (11.36) (23.13) (51.00) ||	 (420, 434) (0.71, 0) (10.81) (21.82) (45.00) ||	 (597, 366) (1.05, 0) (10.25) (30.28) (49.00) ||	 (1045, 158) (1.38, 0) (6.43) (17.11) (31.00) ||
 >>	 20 	 16.3	 (242, 503) (0.65, 0) (7.04) (25.45) (42.00) ||	 (337, 465) (1.21, 0) (12.40) (23.42) (46.00) ||	 (425, 432) (1.05, 0) (9.80) (17.40) (46.00) ||	 (489, 408) (0.65, 0) (6.81) (20.11) (46.00) ||	 (595, 367) (1.18, 0) (11.80) (26.07) (49.00) ||
 >>	 21 	 16.2	 (242, 506) (0.71, 0) (7.92) (20.47) (47.00) ||	 (338, 468) (1.02, 0) (12.36) (26.54) (50.00) ||	 (425, 435) (1.04, 0) (11.40) (18.76) (46.00) ||	 (595, 371) (1.72, 3) (14.83) (23.94) (50.00) ||
 >>	 22 	 16.2	 (334, 465) (1.18, 0) (14.31) (27.10) (44.00) ||	 (423, 432) (1.15, 0) (12.04) (21.73) (44.00) ||	 (595, 367) (1.47, 0) (13.67) (24.95) (48.00) ||
 >>	 23 	 16.2	 (237, 503) (0.70, 0) (8.77) (18.41) (42.00) ||	 (334, 465) (1.33, 0) (12.68) (21.94) (43.00) ||	 (422, 432) (1.07, 0) (12.14) (16.07) (52.00) ||	 (592, 368) (1.28, 0) (14.11) (22.43) (50.00) ||	 (774, 289) (0.93, 0) (7.29) (18.27) (44.00) ||
 >>	 24 	 16.3	 (335, 466) (1.52, 1) (15.73) (26.85) (45.00) ||	 (427, 431) (1.04, 0) (10.08) (18.74) (40.00) ||	 (597, 367) (1.05, 0) (11.97) (17.48) (47.00) ||	 (774, 290) (0.81, 0) (7.39) (20.48) (40.00) ||	 (1046, 158) (0.96, 0) (6.45) (16.10) (38.00) ||
 >>	 25 	 16.2	 (331, 466) (0.83, 0) (10.96) (26.44) (45.00) ||	 (427, 430) (1.10, 0) (12.06) (18.48) (46.00) ||	 (596, 366) (1.58, 2) (15.70) (22.06) (47.00) ||	 (775, 289) (0.67, 0) (6.22) (20.98) (54.00) ||	 (1044, 156) (0.64, 0) (7.05) (17.01) (43.00) ||
 >>	 26 	 16.0	 (331, 468) (1.05, 0) (13.94) (25.89) (45.00) ||	 (426, 432) (1.01, 0) (12.11) (19.12) (41.00) ||	 (590, 370) (1.88, 4) (17.23) (20.19) (47.00) ||	 (761, 297) (0.94, 0) (8.25) (20.39) (38.00) ||
 >>	 27 	 16.1	 (242, 502) (0.59, 0) (8.74) (23.58) (46.00) ||	 (336, 464) (1.24, 0) (14.82) (26.87) (46.00) ||	 (429, 430) (0.92, 0) (11.01) (21.07) (42.00) ||	 (589, 369) (1.70, 5) (20.05) (23.02) (47.00) ||	 (717, 314) (0.79, 0) (6.80) (20.05) (41.00) ||	 (764, 293) (1.00, 0) (8.24) (25.94) (48.00) ||	 (828, 263) (0.73, 0) (9.28) (18.48) (38.00) ||
 >>	 28 	 15.1	 (332, 456) (0.94, 0) (12.45) (23.41) (46.00) ||	 (424, 422) (1.12, 0) (11.36) (20.58) (45.00) ||	 (579, 363) (1.54, 0) (17.07) (20.65) (46.00) ||	 (697, 313) (0.83, 0) (6.43) (19.58) (37.00) ||	 (751, 289) (1.02, 0) (9.40) (21.60) (48.00) ||	 (813, 260) (0.61, 0) (5.49) (19.68) (37.00) ||
 >>	 29 	 15.2	 (237, 496) (0.93, 0) (10.41) (21.55) (44.00) ||	 (321, 463) (1.28, 0) (11.61) (27.08) (45.00) ||	 (413, 428) (1.00, 0) (12.18) (19.80) (42.00) ||	 (468, 408) (1.06, 0) (7.72) (21.08) (56.00) ||	 (571, 369) (1.58, 0) (19.75) (22.38) (46.00) ||	 (685, 321) (1.40, 0) (8.29) (13.34) (33.00) ||	 (745, 294) (0.87, 0) (7.37) (20.51) (46.00) ||
 >>	 30 	 16.1	 (233, 495) (0.93, 0) (10.23) (20.42) (42.00) ||	 (316, 461) (1.17, 0) (13.62) (25.86) (43.00) ||	 (407, 427) (1.04, 0) (15.53) (21.60) (46.00) ||	 (562, 369) (1.63, 5) (21.08) (22.35) (45.00) ||	 (679, 320) (1.23, 0) (10.82) (11.96) (51.00) ||	 (731, 296) (1.41, 0) (10.75) (21.88) (37.00) ||	 (796, 266) (0.96, 0) (8.99) (19.86) (37.00) ||
 >>	 31 	 16.1	 (234, 492) (0.83, 0) (9.52) (20.23) (41.00) ||	 (312, 460) (1.05, 0) (12.05) (21.05) (46.00) ||	 (399, 427) (1.30, 0) (12.93) (19.78) (44.00) ||	 (555, 369) (1.78, 4) (23.66) (25.52) (47.00) ||	 (666, 323) (0.79, 0) (8.35) (17.26) (40.00) ||	 (730, 294) (1.52, 2) (10.01) (22.26) (39.00) ||	 (794, 263) (1.10, 0) (9.63) (18.26) (39.00) ||
 >>	 32 	 15.2	 (232, 490) (0.81, 0) (7.62) (21.71) (42.00) ||	 (311, 459) (0.96, 0) (11.83) (22.51) (51.00) ||	 (395, 427) (1.00, 0) (12.28) (21.64) (45.00) ||	 (551, 368) (1.42, 0) (19.16) (21.35) (45.00) ||	 (717, 297) (1.69, 2) (9.24) (20.11) (40.00) ||	 (780, 267) (0.93, 0) (7.73) (12.97) (40.00) ||
 >>	 33 	 16.2	 (227, 494) (0.85, 0) (8.51) (20.86) (38.00) ||	 (309, 460) (0.96, 0) (14.01) (23.37) (45.00) ||	 (391, 429) (1.16, 0) (11.79) (21.87) (44.00) ||	 (544, 371) (1.51, 2) (19.83) (21.69) (43.00) ||	 (713, 299) (0.93, 0) (10.94) (22.45) (48.00) ||
 >>	 34 	 16.3	 (308, 456) (0.99, 0) (13.21) (24.78) (48.00) ||	 (389, 425) (1.10, 0) (13.81) (23.77) (48.00) ||	 (541, 368) (1.51, 3) (19.03) (22.88) (45.00) ||	 (712, 295) (0.83, 0) (8.20) (23.21) (46.00) ||	 (776, 265) (1.23, 0) (10.85) (18.28) (37.00) ||
 >>	 35 	 16.2	 (306, 456) (1.17, 0) (13.59) (22.40) (54.00) ||	 (388, 425) (1.32, 0) (13.15) (22.19) (47.00) ||	 (539, 368) (2.18, 7) (18.60) (23.58) (43.00) ||	 (711, 294) (1.12, 0) (10.41) (22.38) (39.00) ||	 (775, 264) (0.98, 0) (7.23) (16.98) (35.00) ||
 >>	 36 	 16.8	 (299, 458) (1.16, 0) (13.42) (23.81) (44.00) ||	 (386, 425) (1.18, 0) (14.93) (23.82) (47.00) ||	 (535, 368) (1.83, 7) (19.32) (23.60) (44.00) ||	 (709, 294) (1.38, 0) (14.49) (23.81) (45.00) ||	 (774, 263) (1.19, 0) (9.03) (17.18) (38.00) ||
 >>	 37 	 16.2	 (297, 460) (0.96, 0) (11.08) (23.66) (45.00) ||	 (382, 427) (1.06, 0) (14.81) (23.28) (47.00) ||	 (529, 372) (1.78, 5) (16.99) (24.34) (51.00) ||	 (705, 297) (1.37, 0) (12.97) (22.82) (50.00) ||	 (772, 265) (0.95, 0) (8.03) (19.94) (37.00) ||
 >>	 38 	 17.1	 (298, 461) (1.51, 4) (14.94) (27.36) (49.00) ||	 (379, 430) (1.60, 3) (14.51) (24.66) (46.00) ||	 (710, 296) (1.33, 0) (10.87) (23.13) (43.00) ||	 (770, 268) (1.40, 0) (9.17) (18.50) (35.00) ||
 >>	 39 	 17.0	 (295, 467) (1.11, 0) (11.12) (20.58) (49.00) ||	 (376, 435) (1.11, 0) (14.63) (22.54) (47.00) ||	 (526, 377) (2.05, 7) (19.26) (26.78) (49.00) ||	 (707, 301) (1.46, 1) (11.36) (21.64) (45.00) ||	 (773, 271) (1.02, 0) (10.05) (16.60) (32.00) ||